> knn_accuracy
[[1]]
[1] 57.94727

[[2]]
[1] 74.60868

[[3]]
[1] 77.94234

[[4]]
[1] 93.74943

[[5]]
[1] 63.15126

> rf_accuracy
[[1]]
[1] 58.06748

[[2]]
[1] 77.61278

[[3]]
[1] 75.53514

[[4]]
[1] 98.66714

[[5]]
[1] 74.78151

> bag_accuracy
[[1]]
[1] 56.52966

[[2]]
[1] 75.78606

[[3]]
[1] 74.18739

[[4]]
[1] 98.84358

[[5]]
[1] 69.2437

> adaboost_accuracy
[[1]]
[1] 55.7281

[[2]]
[1] 73.30998

[[3]]
[1] 72.59459

[[4]]
[1] 98.95786

[[5]]
[1] 67.83193

> graboost_accuracy
[[1]]
[1] 59.05821

[[2]]
[1] 76.82502

[[3]]
[1] 78.48468

[[4]]
[1] 97.91537

[[5]]
[1] 72.18487