DTREE
	
1 62.29508 60.65574
2 81.81818 75.32468
3 81.33333 75.33333
4 93.93064 94.21965
5 72.46377 63.76812

SVM

1 62.29508 54.09836
2 65.58442 65.58442
3 76.00000 77.33333
4 86.70520 88.43931
5 52.17391 53.62319

NAIVE BAYES

1 57.37705 52.45902
2 74.67532 75.97403
3 81.33333 76.66667
4 86.99422 83.81503
5 57.97101 57.97101

NEURAL NETWORKS

1 57.37705 54.09836
2 68.18182 77.92208
3 80.66667 78.00000
4 98.26590 96.24277
5 52.17391 73.91304

PERCEPTRON

1 62.29508 54.09836
2 77.92208 79.87013
3 80.66667 78.00000
4 93.35260 91.61850
5 68.11594 52.17391

